510020
510030
510050
510060
510070
510090
510110
510120
510130
510150
510160
510170
510180
510190
510210
510220
510230
510260
510270
510280
510290
510300
510310
510330
510350
510360
510380
510390
510410
510420
510430
510440
510450
510500
510510
510520
510550
510560
510580
510590
510600
510610
510620
510630
510650
510660
510680
510700
510710
510800
510810
510820
510850
510880
510890
510900
511010
511020
511030
511210
511220
511230
511260
511270
511280
511290
511310
511600
511620
511650
511660
511670
511680
511690
511700
511760
511770
511800
511810
511820
511830
511850
511860
511880
511890
511900
511910
511920
511930
511950
511960
511970
511980
511990
512000
512010
512040
512070
512090
512100
512110
512120
512150
512160
512170
512180
512190
512200
512210
512220
512230
512260
512270
512280
512290
512300
512310
512330
512340
512360
512380
512390
512400
512480
512500
512510
512520
512550
512560
512570
512580
512590
512600
512610
512640
512660
512670
512680
512690
512700
512710
512720
512750
512760
512770
512780
512790
512800
512810
512820
512850
512860
512870
512880
512890
512900
512910
512920
512930
512950
512960
512980
512990
513000
513030
513050
513100
513500
513520
513600
513660
513680
513800
513880
513900
515000
515880
518800
518880
600000
600001
600002
600003
600004
600005
600006
600007
600008
600009
600010
600011
600012
600015
600016
600017
600018
600019
600020
600021
600022
600023
600025
600026
600027
600028
600029
600030
600031
600033
600035
600036
600037
600038
600039
600048
600050
600051
600052
600053
600054
600055
600056
600057
600058
600059
600060
600061
600062
600063
600064
600065
600066
600067
600068
600069
600070
600071
600072
600073
600074
600075
600076
600077
600078
600079
600080
600081
600082
600083
600084
600085
600086
600087
600088
600089
600090
600091
600092
600093
600094
600095
600096
600097
600098
600099
600100
600101
600102
600103
600104
600105
600106
600107
600108
600109
600110
600111
600112
600113
600114
600115
600116
600117
600118
600119
600120
600121
600122
600123
600125
600126
600127
600128
600129
600130
600131
600132
600133
600135
600136
600137
600138
600139
600141
600143
600145
600146
600148
600149
600150
600151
600152
600153
600155
600156
600157
600158
600159
600160
600161
600162
600163
600165
600166
600167
600168
600169
600170
600171
600172
600173
600175
600176
600177
600178
600179
600180
600181
600182
600183
600184
600185
600186
600187
600188
600189
600190
600191
600192
600193
600195
600196
600197
600198
600199
600200
600201
600202
600203
600205
600206
600207
600208
600209
600210
600211
600212
600213
600215
600216
600217
600218
600219
600220
600221
600222
600223
600225
600226
600227
600228
600229
600230
600231
600232
600233
600234
600235
600236
600237
600238
600239
600240
600241
600242
600243
600246
600247
600248
600249
600250
600251
600252
600253
600255
600256
600257
600258
600259
600260
600261
600262
600263
600265
600266
600267
600268
600269
600270
600271
600272
600273
600275
600276
600277
600278
600279
600280
600281
600282
600283
600284
600285
600286
600287
600288
600289
600290
600291
600292
600293
600295
600296
600297
600298
600299
600300
600301
600302
600303
600305
600306
600307
600308
600309
600310
600311
600312
600313
600315
600316
600317
600318
600319
600320
600321
600322
600323
600325
600326
600327
600328
600329
600330
600331
600332
600333
600335
600336
600337
600338
600339
600340
600343
600345
600346
600348
600350
600351
600352
600353
600354
600355
600356
600357
600358
600359
600360
600361
600362
600363
600365
600366
600367
600368
600369
600370
600371
600372
600373
600375
600376
600377
600378
600379
600380
600381
600382
600383
600385
600386
600387
600388
600389
600390
600391
600392
600393
600395
600396
600397
600398
600399
600400
600401
600403
600405
600406
600408
600409
600410
600415
600416
600418
600419
600420
600421
600422
600423
600425
600426
600428
600429
600432
600433
600435
600436
600438
600439
600444
600446
600448
600449
600452
600455
600456
600458
600459
600460
600461
600462
600463
600466
600467
600468
600469
600470
600472
600475
600476
600477
600478
600479
600480
600481
600482
600483
600485
600486
600487
600488
600489
600490
600491
600493
600495
600496
600497
600498
600499
600500
600501
600502
600503
600505
600506
600507
600508
600509
600510
600511
600512
600513
600515
600516
600517
600518
600519
600520
600521
600522
600523
600525
600526
600527
600528
600529
600530
600531
600532
600533
600535
600536
600537
600538
600539
600540
600543
600545
600546
600547
600548
600549
600550
600551
600552
600553
600555
600556
600557
600558
600559
600560
600561
600562
600563
600565
600566
600567
600568
600569
600570
600571
600572
600573
600575
600576
600577
600578
600579
600580
600581
600582
600583
600584
600585
600586
600587
600588
600589
600590
600591
600592
600593
600594
600595
600596
600597
600598
600599
600600
600601
600602
600603
600604
600605
600606
600607
600608
600609
600610
600611
600612
600613
600614
600615
600616
600617
600618
600619
600620
600621
600622
600623
600624
600625
600626
600627
600628
600629
600630
600631
600632
600633
600634
600635
600636
600637
600638
600639
600640
600641
600642
600643
600644
600645
600646
600647
600648
600649
600650
600651
600652
600653
600654
600655
600656
600657
600658
600659
600660
600661
600662
600663
600664
600665
600666
600667
600668
600669
600670
600671
600672
600673
600674
600675
600676
600677
600678
600679
600680
600681
600682
600683
600684
600685
600686
600687
600688
600689
600690
600691
600692
600693
600694
600695
600696
600697
600698
600699
600700
600701
600702
600703
600704
600705
600706
600707
600708
600709
600710
600711
600712
600713
600714
600715
600716
600717
600718
600719
600720
600721
600722
600723
600724
600725
600726
600727
600728
600729
600730
600731
600732
600733
600734
600735
600736
600737
600738
600739
600740
600741
600742
600743
600744
600745
600746
600747
600748
600749
600750
600751
600752
600753
600754
600755
600756
600757
600758
600759
600760
600761
600762
600763
600764
600765
600766
600767
600768
600769
600770
600771
600772
600773
600774
600775
600776
600777
600778
600779
600780
600781
600782
600783
600784
600785
600786
600787
600788
600789
600790
600791
600792
600793
600794
600795
600796
600797
600798
600799
600800
600801
600802
600803
600804
600805
600806
600807
600808
600809
600810
600811
600812
600813
600814
600815
600816
600817
600818
600819
600820
600821
600822
600823
600824
600825
600826
600827
600828
600829
600830
600831
600832
600833
600834
600835
600836
600837
600838
600839
600840
600841
600842
600843
600844
600845
600846
600847
600848
600849
600850
600851
600852
600853
600854
600855
600856
600857
600858
600859
600860
600861
600862
600863
600864
600865
600866
600867
600868
600869
600870
600871
600872
600873
600874
600875
600876
600877
600878
600879
600880
600881
600882
600883
600884
600885
600886
600887
600888
600889
600890
600891
600892
600893
600894
600895
600896
600897
600898
600899
600900
600901
600903
600908
600909
600917
600919
600926
600928
600929
600933
600936
600939
600958
600959
600960
600961
600962
600963
600965
600966
600967
600968
600969
600970
600971
600973
600975
600976
600977
600978
600979
600980
600981
600982
600983
600984
600985
600986
600987
600988
600989
600990
600991
600992
600993
600995
600996
600997
600998
600999
601000
601001
601002
601003
601005
601006
601007
601008
601009
601010
601011
601012
601015
601016
601018
601019
601020
601021
601028
601038
601058
601066
601068
601069
601086
601088
601098
601099
601100
601101
601106
601107
601108
601111
601113
601116
601117
601118
601126
601127
601128
601137
601138
601139
601155
601158
601162
601163
601166
601168
601169
601177
601179
601186
601188
601198
601199
601200
601206
601208
601211
601212
601216
601218
601222
601225
601226
601228
601229
601231
601233
601236
601238
601258
601268
601288
601298
601299
601311
601313
601318
601319
601326
601328
601330
601333
601336
601339
601360
601366
601368
601369
601375
601377
601388
601390
601398
601500
601515
601518
601519
601555
601558
601566
601567
601577
601579
601588
601595
601598
601599
601600
601601
601606
601607
601608
601611
601615
601616
601618
601619
601628
601633
601636
601666
601668
601669
601677
601678
601688
601689
601698
601699
601700
601717
601718
601727
601766
601777
601788
601789
601798
601799
601800
601801
601808
601811
601818
601828
601838
601857
601858
601860
601865
601866
601869
601872
601877
601878
601880
601881
601882
601886
601888
601890
601898
601899
601900
601901
601908
601918
601919
601928
601929
601933
601939
601949
601952
601958
601965
601966
601968
601969
601975
601985
601988
601989
601990
601991
601992
601996
601997
601998
601999
000001
000002
000003
000004
000005
000006
000007
000008
000009
000010
000011
000012
000013
000014
000015
000016
000017
000018
000019
000020
000021
000022
000023
000024
000025
000026
000027
000028
000029
000030
000031
000032
000033
000034
000035
000036
000037
000038
000039
000040
000042
000043
000045
000046
000047
000048
000049
000050
000055
000056
000058
000059
000060
000061
000062
000063
000065
000066
000068
000069
000070
000078
000088
000089
000090
000096
000099
000100
000150
000151
000153
000155
000156
000157
000158
000159
000166
000301
000333
000338
000400
000401
000402
000403
000404
000405
000406
000407
000408
000409
000410
000411
000412
000413
000415
000416
000417
000418
000419
000420
000421
000422
000423
000425
000426
000428
000429
000430
000488
000498
000501
000502
000503
000504
000505
000506
000507
000508
000509
000510
000511
000513
000514
000515
000516
000517
000518
000519
000520
000521
000522
000523
000524
000525
000526
000527
000528
000529
000530
000531
000532
000533
000534
000535
000536
000537
000538
000539
000540
000541
000542
000543
000544
000545
000546
000547
000548
000549
000550
000551
000552
000553
000554
000555
000556
000557
000558
000559
000560
000561
000562
000563
000564
000565
000566
000567
000568
000569
000570
000571
000572
000573
000576
000578
000581
000582
000583
000584
000585
000586
000587
000588
000589
000590
000591
000592
000593
000594
000595
000596
000597
000598
000599
000600
000601
000602
000603
000605
000606
000607
000608
000609
000610
000611
000612
000613
000615
000616
000617
000618
000619
000620
000621
000622
000623
000625
000626
000627
000628
000629
000630
000631
000632
000633
000635
000636
000637
000638
000639
000650
000651
000652
000653
000655
000656
000657
000658
000659
000660
000661
000662
000663
000665
000666
000667
000668
000669
000670
000671
000672
000673
000675
000676
000677
000678
000679
000680
000681
000682
000683
000685
000686
000687
000688
000689
000690
000691
000692
000693
000695
000697
000698
000699
000700
000701
000702
000703
000705
000707
000708
000709
000710
000711
000712
000713
000715
000716
000717
000718
000719
000720
000721
000722
000723
000725
000726
000727
000728
000729
000730
000731
000732
000733
000735
000736
000737
000738
000739
000748
000750
000751
000752
000753
000755
000756
000757
000758
000759
000760
000761
000762
000763
000765
000766
000767
000768
000769
000776
000777
000778
000779
000780
000782
000783
000785
000786
000787
000788
000789
000790
000791
000792
000793
000795
000796
000797
000798
000799
000800
000801
000802
000803
000805
000806
000807
000809
000810
000811
000812
000813
000815
000816
000817
000818
000819
000820
000821
000822
000823
000825
000826
000827
000828
000829
000830
000831
000832
000833
000835
000836
000837
000838
000839
000848
000850
000851
000852
000856
000858
000859
000860
000861
000862
000863
000866
000868
000869
000875
000876
000877
000878
000880
000881
000882
000883
000885
000886
000887
000888
000889
000890
000892
000893
000895
000897
000898
000899
000900
000901
000902
000903
000905
000906
000908
000909
000910
000911
000912
000913
000915
000916
000917
000918
000919
000920
000921
000922
000923
000925
000926
000927
000928
000929
000930
000931
000932
000933
000935
000936
000937
000938
000939
000948
000949
000950
000951
000952
000953
000955
000956
000957
000958
000959
000960
000961
000962
000963
000965
000966
000967
000968
000969
000970
000971
000972
000973
000975
000976
000977
000978
000979
000980
000981
000982
000983
000985
000987
000988
000989
000990
000993
000995
000996
000997
000998
000999
150008
150009
150012
150013
150016
150017
150018
150019
150020
150021
150022
150023
150027
150028
150029
150030
150031
150032
150033
150034
150035
150036
150037
150039
150040
150047
150048
150049
150050
150051
150052
150053
150054
150055
150056
150057
150058
150059
150060
150064
150065
150066
150067
150073
150075
150076
150077
150083
150084
150085
150086
150088
150089
150090
150091
150092
150093
150094
150095
150096
150097
150100
150101
150102
150104
150105
150106
150107
150108
150109
150112
150113
150114
150117
150118
150120
150121
150122
150123
150124
150128
150129
150130
150131
150133
150134
150135
150136
150138
150139
150140
150141
150142
150143
150144
150145
150146
150147
150148
150149
150150
150151
150152
150153
150154
150156
150157
150158
150160
150161
150164
150165
150167
150168
150169
150170
150171
150172
150173
150174
150175
150176
150177
150178
150179
150180
150181
150182
150184
150185
150186
150187
150188
150189
150190
150191
150192
150193
150194
150195
150196
150197
150198
150199
150200
150201
150203
150204
150205
150206
150207
150208
150209
150210
150211
150212
150213
150214
150215
150216
150217
150218
150219
150220
150221
150222
150223
150224
150225
150226
150227
150228
150229
150230
150231
150232
150233
150234
150235
150236
150237
150238
150241
150242
150243
150244
150245
150246
150247
150248
150249
150250
150251
150252
150255
150256
150257
150258
150259
150260
150261
150262
150263
150264
150265
150266
150267
150268
150269
150270
150271
150272
150273
150274
150275
150276
150277
150278
150279
150280
150281
150282
150283
150284
150287
150288
150289
150290
150291
150292
150293
150294
150295
150296
150297
150298
150299
150300
150301
150302
150303
150304
150305
150306
150307
150308
150309
150310
150311
150312
150315
150316
150317
150318
150321
150322
150323
150324
150325
150326
150327
150328
150329
150330
150331
150332
150335
150336
150343
150344
159001
159003
159005
159901
159902
159903
159905
159906
159907
159908
159909
159910
159911
159912
159913
159915
159916
159918
159919
159920
159921
159922
159923
159924
159925
159926
159927
159928
159929
159930
159931
159932
159933
159934
159935
159936
159937
159938
159939
159940
159941
159942
159943
159944
159945
159946
159948
159949
159950
159951
159952
159953
159954
159955
159956
159957
159958
159959
159960
159961
159962
159963
159964
159965
159966
159967
159969
159971
159973
160105
160106
160119
160123
160125
160128
160130
160131
160133
160138
160140
160142
160211
160212
160215
160216
160220
160223
160225
160311
160314
160322
160323
160324
160415
160416
160421
160422
160505
160512
160513
160515
160518
160519
160520
160522
160607
160610
160611
160613
160615
160616
160617
160618
160621
160622
160635
160642
160643
160644
160706
160716
160717
160719
160720
160722
160723
160726
160805
160806
160807
160809
160810
160812
160813
160910
160915
160916
160918
160919
160921
160922
160924
160925
161005
161010
161014
161015
161017
161019
161029
161033
161035
161036
161037
161038
161039
161115
161116
161117
161119
161124
161125
161126
161127
161128
161129
161130
161131
161132
161210
161213
161216
161217
161219
161222
161224
161225
161226
161227
161229
161230
161232
161233
161505
161607
161610
161614
161626
161630
161631
161706
161713
161714
161715
161716
161722
161727
161728
161810
161811
161813
161815
161820
161821
161823
161831
161834
161835
161903
161907
161908
161911
161912
162006
162105
162108
162207
162215
162307
162308
162411
162414
162415
162416
162510
162605
162607
162703
162711
162712
162715
162717
162718
162719
163001
163003
163005
163110
163111
163119
163208
163210
163302
163402
163407
163409
163412
163415
163417
163503
163801
163819
163821
163824
163827
163907
164105
164206
164208
164210
164302
164403
164509
164606
164701
164702
164703
164705
164808
164810
164812
164814
164815
164823
164824
164902
164906
165309
165311
165313
165317
165508
165509
165510
165512
165513
165516
165517
165525
165528
165705
165806
165807
166001
166006
166007
166008
166009
166011
166012
166016
166023
166024
166025
166105
166401
166402
166902
166904
167001
167002
167003
167501
167901
168002
168101
168102
168103
168104
168105
168106
168108
168301
168401
169101
169102
169103
169104
169105
169106
169201
169301
